-1.525921 1.356134 1.617901 0.561150
-0.692101 0.533831 1.538976 0.213832
1.047019 1.055351 -0.158266 0.213610
0.957779 -0.277486 0.716446 0.141383
0.404400 0.629897 0.431533 0.060134
1.333057 -1.955025 0.755746 0.532004
0.025582 -1.967304 1.270728 0.390948
1.435424 -1.909411 -0.949487 0.570204
0.058465 1.553375 0.722078 0.216088
-1.894157 -0.921768 -1.789341 0.664054
0.266558 -0.447689 1.566794 0.165241
-0.115542 0.860210 0.100625 0.059045
-0.576566 -0.092771 -0.844025 0.080118
1.265168 -1.134991 0.878489 0.328307
-0.018386 1.269409 -0.491614 0.137936
-1.586853 0.602466 -0.446639 0.329980
1.168893 -1.371952 -0.413943 0.312325
0.439620 -1.936528 -0.323355 0.316805
1.490133 0.121936 -0.769979 0.291559
0.212211 0.227780 0.308252 0.014669
0.422870 -1.505663 1.860563 0.394732
-0.010336 0.378796 0.720773 0.041022
-1.909712 1.802230 -1.371997 0.779255
-0.753736 1.067398 -0.506989 0.168023
-1.875247 -0.950987 -1.237580 0.563685
-0.366861 -0.537841 1.364886 0.145257
1.186499 -1.368948 1.992934 0.535733
-1.227444 1.070673 -1.943595 0.479957
0.449201 0.560806 0.178342 0.049310
1.679221 -1.226983 -1.593878 0.587731
-0.012526 1.195887 -1.099541 0.179779
-0.151963 -0.814449 1.279255 0.148103
-1.431190 -0.724161 1.081485 0.344160
-0.803188 0.522103 0.148883 0.096683
0.689823 0.646856 1.197896 0.169879
1.452244 -1.720005 -1.339944 0.574502
0.817129 1.466494 -0.708892 0.271465
0.810063 -1.760951 -1.638219 0.469082
0.866468 0.688250 0.922587 0.172170
-0.955190 0.367472 1.695604 0.281532
-0.549068 -1.645055 0.891491 0.288807
0.351391 0.202982 -1.922958 0.230749
-0.369354 0.771791 -0.647119 0.085721
-1.287869 1.968603 1.874984 0.692306
0.861015 0.658427 0.521840 0.134599
0.058911 0.110670 0.801835 0.038435
0.718966 -1.072200 0.268328 0.152229
-1.989926 1.737863 0.507378 0.704073
-1.628145 0.604331 -0.804372 0.371289
1.294442 1.649142 1.563099 0.543500
0.990046 -0.899926 1.918044 0.387640
-0.118464 1.451465 0.121026 0.164522
-0.041422 -0.917888 -1.107183 0.135729
1.311459 -0.205757 -1.138579 0.276499
1.186442 -1.344743 1.519848 0.434789
-0.291717 0.714168 -0.369482 0.056929
-1.489883 -0.566866 0.558318 0.298827
0.778446 -0.556792 0.296181 0.098829
-0.714176 -0.184937 -1.099488 0.131225
0.481451 -0.890495 -1.450346 0.209100
0.044551 -1.900449 -0.350272 0.285131
-0.037405 -0.018912 -0.898807 0.046796
-1.916378 1.939665 0.183305 0.715097
-1.023561 1.251124 1.977547 0.466911
-0.162140 0.437566 -1.367195 0.125601
-0.642292 -1.854151 1.346973 0.416726
0.988226 -1.344033 -1.219893 0.337494
-0.453456 1.434412 0.223315 0.184875
1.842725 -1.279764 -1.961622 0.739786
-1.256763 1.201688 -0.852116 0.335216
-0.707109 -0.753762 -0.752565 0.134071
0.942619 1.208834 1.228523 0.302002
-1.956188 1.292455 1.168188 0.648765
0.227117 -1.731106 0.419312 0.246613
0.204664 0.106754 -1.143121 0.081098
0.837469 1.464462 -0.997272 0.303276
0.184441 0.452688 -0.341306 0.026409
0.964548 1.999232 -0.906893 0.462254
-0.812137 1.841957 -0.186657 0.339099
-0.773758 -1.414805 -0.984970 0.279027
0.374126 -0.121914 0.261269 0.021232
1.621561 -1.179295 -0.529898 0.426579
0.850084 -1.135483 -1.237442 0.270903
0.018272 1.091634 -0.968548 0.145825
-1.562416 -0.703702 1.138206 0.394504
-0.705537 -1.866233 0.602668 0.346301
0.297191 0.318208 -0.944644 0.069462
1.955885 -0.717244 -0.945411 0.532540
-0.951008 0.470620 -1.103454 0.191640
0.862334 1.696862 -0.518259 0.322786
1.877365 0.070987 1.359826 0.513741
0.138633 -0.307452 -1.819469 0.200477
1.608736 -1.457368 -0.954952 0.514609
-1.628707 0.560904 -1.863318 0.530585
-0.597255 0.998488 -0.567020 0.136399
-1.459048 -1.707049 -0.433253 0.480618
1.143620 0.590142 1.884955 0.382681
-1.801024 0.546026 -0.832289 0.437170
-0.746435 1.595018 1.638331 0.414841
0.150111 0.457352 1.335192 0.121540
1.631851 0.334717 -0.593821 0.336224
0.991677 -1.526650 1.098728 0.362400
1.172209 -1.917914 1.641360 0.596927
-1.782743 -1.546621 0.202264 0.553075
-1.646061 -0.143875 -0.799248 0.351083
-0.213081 0.397076 -0.506297 0.032156
1.353665 -0.459304 -1.916155 0.439485
1.238620 -0.260328 0.629872 0.205122
-1.593669 0.993237 0.224890 0.371856
-1.955339 -0.856652 -1.317758 0.597788
1.379854 -1.224801 1.016959 0.394753
-1.213967 1.766876 1.490309 0.538322
1.884761 0.939085 1.572395 0.620360
1.526121 1.156342 -1.974226 0.596452
-0.271615 1.510280 -0.118101 0.184775
0.929137 -0.702801 -1.721025 0.308486
-1.577159 -1.349136 -0.180328 0.428900
-1.493314 1.889484 1.559344 0.672215
1.136557 -1.704185 0.552581 0.390069
-0.638553 -1.659524 1.695929 0.424829
0.043689 1.720330 -1.528872 0.362730
-0.939353 -1.493637 -1.761996 0.452538
-1.449044 -1.608876 1.177089 0.521325
-1.876649 1.917245 0.333430 0.695533
-1.850875 -0.354371 -0.156289 0.406347
0.031024 -1.425233 1.140910 0.231461
0.309999 -1.002393 1.791774 0.273599
-1.870329 -0.495707 1.681258 0.585607
1.689015 -1.359149 1.977073 0.696774
0.241596 0.002297 -1.682451 0.170042
-0.062475 -1.954014 -1.962122 0.516267
0.408653 -0.893367 -1.455759 0.202925
0.646656 -0.342410 -1.064635 0.122660
-0.176255 -0.219059 -1.147391 0.083228
-1.842825 -0.069934 0.498239 0.406544
0.000886 1.961090 1.073005 0.362260
-0.858204 0.271089 -1.929387 0.305397
-1.066430 0.400760 -0.425094 0.154004
-1.385172 0.089775 0.215757 0.224694
-1.408099 -1.668628 -1.781946 0.626149
-1.090551 0.268897 -1.735960 0.316648
-1.052672 -1.322451 -0.629327 0.285238
-0.508431 1.324206 1.028263 0.225713
0.426933 -0.852049 -1.190796 0.158684
1.279543 -0.694874 0.739270 0.257583
-0.222219 1.306012 0.700359 0.165201
-1.149213 -1.552191 -1.028551 0.398752
-1.078601 -0.618621 1.372209 0.272306
0.496305 -0.003793 -0.538016 0.045122
-1.287938 0.588108 -0.206644 0.220467
-1.069884 1.497558 -1.937747 0.521216
-0.805844 -1.555115 -1.260198 0.352579
0.564829 -0.063546 -1.935992 0.253357
-0.406907 -1.636612 -0.788041 0.260971
0.402296 1.642930 0.517085 0.241732
-0.858434 -0.579289 -0.176903 0.112647
1.841925 0.271498 0.270906 0.401368
-1.186626 1.192897 1.652285 0.429435
-1.814417 -0.310797 -0.351508 0.394417
-0.352433 0.401265 -1.763399 0.206116
1.440923 1.331381 1.734159 0.549419
1.503176 -1.474463 -1.820956 0.619251
-1.757021 1.090366 0.115498 0.448430
-1.693013 -1.316541 0.478886 0.477286
-0.481054 1.085755 0.121816 0.118240
-1.963970 -1.772679 1.542527 0.824054
-0.140873 -1.930753 -0.185975 0.291040
-1.869967 -1.117379 -0.993078 0.556412
1.782318 -0.931797 0.696125 0.461283
-0.569190 0.715771 -0.902611 0.123794
-0.332589 0.156694 -1.571230 0.157081
-0.598431 -0.340129 -1.045694 0.113306
-0.419387 -0.097151 -1.955327 0.241596
1.696112 0.209836 -1.271869 0.428651
0.174998 1.728782 1.813887 0.423251
-1.703187 1.764812 -1.958792 0.795652
1.839340 -0.376060 -1.889546 0.607228
-0.346635 -0.246027 -1.006925 0.077014
0.660287 -0.463709 0.061278 0.067062
-0.643588 0.967101 -1.222951 0.206023
0.453801 -1.365488 0.933743 0.217490
0.882571 0.036082 -1.406386 0.204088
1.836878 1.616695 0.496463 0.604596
1.881551 1.312807 -1.293700 0.637620
-1.390318 -0.512195 -1.564919 0.384504
-1.576432 -0.215382 -1.800106 0.477260
-1.535224 -0.376042 -0.176166 0.284619
-1.424770 1.277324 1.577807 0.503355
-0.431695 -0.062389 -0.885902 0.067081
1.629584 1.294023 -1.918801 0.647628
-1.593367 -0.252175 -1.284288 0.392990
1.340376 -1.369604 0.751793 0.384202
1.933990 -1.532726 0.368489 0.620120
0.430453 -1.651175 -0.318704 0.236961
1.136752 -1.041493 1.169101 0.311393
1.571834 -0.617925 -1.046282 0.377604
1.771728 -0.153149 0.577677 0.383251
-0.404439 0.422082 -0.145000 0.033791
-0.826632 1.990387 1.792612 0.568978
0.287466 1.619971 1.086635 0.279526
