-1.703369 -0.762666 0.418181
0.227541 -1.902611 0.327113
0.979284 1.152748 0.381244
-0.256226 1.903823 0.693619
1.819377 -1.168538 0.463377
1.501609 1.501653 0.249986
-0.760456 -0.836796 0.382088
-1.056793 1.793893 0.972139
0.555520 -1.136111 0.418736
-0.567966 0.326900 0.160981
-1.633415 0.623531 0.348214
-1.678810 -1.148927 0.556027
1.722125 1.830357 0.296081
-1.661324 -0.425869 0.301038
0.188628 -0.606491 0.584602
1.002019 -1.104883 0.417999
0.219282 0.134661 0.665075
-1.754065 1.077868 0.522985
-1.595569 -0.366611 0.251151
-0.095564 1.065423 0.507671
0.889688 1.432008 0.190850
-0.887727 1.753198 0.955715
1.432248 1.475323 0.235728
-1.095031 1.813999 0.973486
0.281514 0.002626 0.713963
-1.510479 -0.995354 0.497462
0.199181 1.223927 0.446977
-0.927955 1.469862 0.834274
1.738802 1.874293 0.304437
1.269448 -0.221270 0.928620
-0.873006 -1.331582 0.743873
-0.391929 -0.219309 0.228224
0.940221 -0.787061 0.663418
-1.897273 0.117908 0.421040
0.839365 -1.600578 0.108043
0.969511 -1.111057 0.413318
1.994774 1.088124 0.499433
1.154698 -1.839831 0.029969
-0.607509 1.898971 0.902820
-0.736327 1.168419 0.619683
-1.799723 -1.704587 0.638356
0.568890 -0.096515 0.885200
-1.309300 -1.156294 0.607460
0.287834 -1.053567 0.481642
1.698967 1.785798 0.285050
1.112726 0.755309 0.684552
1.531131 0.750082 0.628484
1.173463 -0.095219 0.976178
0.285658 1.297272 0.402358
-0.727854 -1.439055 0.789510
0.037363 -1.238778 0.489256
1.470999 1.330112 0.316977
0.685325 -1.979188 0.060083
1.112590 0.308646 0.935479
-0.342237 0.007613 0.243987
-1.397642 -0.879661 0.423786
-1.564104 -1.348530 0.664602
1.357557 1.824933 0.092712
0.439388 0.110591 0.813550
-0.579812 1.382737 0.723417
1.569408 -0.579900 0.691870
0.014041 -1.108902 0.498123
0.362159 1.576424 0.288108
1.553982 0.689014 0.651274
-0.307761 -1.653223 0.698773
1.616294 -1.050864 0.477378
-1.704343 -0.614968 0.372660
1.725103 -1.257411 0.417676
-0.940671 1.181976 0.640373
-0.309173 -1.397835 0.636540
0.883270 -1.828427 0.026128
-1.163065 0.185614 0.036726
0.120711 -1.452227 0.438546
1.425300 -1.898245 0.112490
1.038534 -0.206006 0.973181
-1.340618 -0.589712 0.241589
1.400568 -0.294055 0.861884
0.793225 -0.568953 0.796884
0.010816 0.490376 0.506096
1.338997 -1.818797 0.086561
-1.950086 1.064473 0.503959
0.180932 1.901408 0.361480
-0.796952 0.022119 0.025504
1.801587 -0.552582 0.599102
-0.910859 -1.514048 0.857732
0.723472 -0.854666 0.602649
-0.693062 -1.454097 0.789869
-0.724563 1.339128 0.730532
-0.013476 -0.650056 0.494471
-0.120413 -1.311059 0.544128
0.374816 -1.261145 0.389268
1.041617 0.919787 0.562699
-0.105967 -1.877165 0.581305
-0.705778 1.924422 0.944395
-1.203834 -0.986437 0.489889
0.092105 1.737035 0.433976
-1.201668 -0.956027 0.467208
-0.789497 0.319410 0.085371
1.053722 -1.694067 0.058210
1.387317 0.185520 0.892985
1.902115 -1.439664 0.451219
1.481386 1.601953 0.205075
0.962066 -0.504014 0.850694
-1.535136 0.790208 0.392072
1.415080 1.586374 0.183542
0.851249 -0.321521 0.925686
1.432752 0.476811 0.784797
-1.439842 1.687315 0.839783
-0.973308 0.741036 0.302347
0.843171 0.128353 0.975083
-0.651411 0.030469 0.073591
-1.407137 -0.488145 0.211083
0.756923 -1.526079 0.158747
-0.956181 -1.061216 0.547890
1.255136 -1.646136 0.108928
0.480016 1.205114 0.391618
-0.558070 0.637866 0.293001
-0.552182 1.198024 0.616706
1.773115 -1.775283 0.336308
0.404345 1.067887 0.468427
1.221096 -1.583524 0.126921
-1.401818 -0.990661 0.494078
-0.422779 1.766263 0.787636
-1.947755 -1.189919 0.512047
-0.682522 -1.934783 0.936802
0.169084 0.545232 0.585980
-1.300830 1.987163 0.945117
-0.293933 -0.565019 0.359378
0.400279 -0.791904 0.594422
-0.164473 1.612441 0.604795
1.399129 0.833537 0.604674
0.993199 1.431718 0.186345
-1.900876 -0.991061 0.498911
-0.321030 -0.938816 0.476817
-1.802400 0.378662 0.373512
1.070094 -1.452254 0.175907
-0.852298 -0.753084 0.315964
-0.136824 0.952984 0.492132
-0.223326 -0.646737 0.409472
-0.085112 1.188790 0.519476
-0.879010 0.587919 0.203913
-1.256432 -0.418882 0.136047
-0.624514 -0.319758 0.135799
-0.226334 1.359212 0.593074
0.981927 1.556812 0.116500
-1.744594 0.626906 0.392007
-1.925884 1.774608 0.554478
1.879989 -0.362217 0.578938
-0.879157 1.414457 0.797559
1.569793 -0.670655 0.654675
-0.368817 0.450336 0.291944
0.526109 1.193904 0.389713
0.852754 -1.430610 0.195340
-1.811662 0.343056 0.374884
0.585106 -0.675017 0.694229
1.360536 -0.419611 0.833555
-1.316288 -0.345495 0.123605
1.253804 -0.465505 0.842995
-1.223120 0.655338 0.257997
1.653219 0.225130 0.743059
-0.281652 1.856313 0.708633
0.371397 0.382422 0.727210
-1.394436 -0.764823 0.353022
-1.480027 -0.576485 0.275027
1.793594 -1.991378 0.340728
0.624027 1.369158 0.272445
-1.918633 -1.947130 0.563513
-0.686686 1.306675 0.704160
-1.816956 -1.916445 0.640571
0.467231 1.736774 0.193327
0.080764 -0.544878 0.541471
-1.855368 1.826519 0.608465
-0.597595 -1.567918 0.813995
1.229567 -1.047945 0.464800
1.399785 -1.254351 0.342613
-1.105013 1.369677 0.770575
1.970577 1.451043 0.484968
-1.299327 -1.235643 0.661248
0.965263 -1.052599 0.458798
1.885191 1.414632 0.445631
1.030249 -0.504603 0.850592
0.031620 -0.359971 0.520960
1.415414 1.042434 0.473540
0.034385 0.272001 0.524566
0.076871 -0.328214 0.552399
0.127979 0.566773 0.562818
-0.451755 0.537350 0.283548
-0.978619 1.238022 0.682513
1.801192 0.203285 0.645854
0.664558 0.088476 0.928015
-0.735303 -0.881275 0.415192
-0.680041 1.150345 0.602519
-0.798260 0.565759 0.200481
-0.484397 -1.399857 0.702595
0.781521 0.677014 0.728764
-1.206911 -1.195007 0.642880
0.174333 0.353237 0.614930
1.006620 1.374618 0.222480
-1.396735 1.175810 0.610704
1.147311 -0.159632 0.971454
